Ticker,AAPL,AMZN,GOOGL,META,MSFT,NVDA,TSLA
AAPL,1.0,0.22590402174372723,0.4255027980004736,0.17932287742544023,0.2560282328903958,0.1431745406434839,0.2933872436593133
AMZN,0.22590402174372723,1.0,0.24477939397250836,0.386948977625465,0.28021659978414637,0.3793786255475498,0.45022719070078876
GOOGL,0.4255027980004736,0.24477939397250836,1.0,0.19563022308658698,0.2338552163544737,0.25146457950245027,0.41049752139029183
META,0.17932287742544023,0.386948977625465,0.19563022308658698,1.0,0.4691449660184062,0.31116597282076924,0.4003663092305487
MSFT,0.2560282328903958,0.28021659978414637,0.2338552163544737,0.4691449660184062,1.0,0.523428814983067,0.46631614870636723
NVDA,0.1431745406434839,0.3793786255475498,0.25146457950245027,0.31116597282076924,0.523428814983067,1.0,0.3802919782383738
TSLA,0.2933872436593133,0.45022719070078876,0.41049752139029183,0.4003663092305487,0.46631614870636723,0.3802919782383738,1.0
